E016-03m
7

16
15
50

3 14000 14370 2480

0 30.0 30.0
1 37.0 37.0
2 49.0 49.0
3 52.0 52.0
4 20.0 20.0
5 40.0 40.0
6 21.0 21.0
7 17.0 17.0
8 31.0 31.0
9 52.0 52.0
10 51.0 51.0
11 42.0 42.0
12 31.0 31.0
13 5.0 5.0
14 12.0 12.0
15 36.0 36.0

0  0
4 1200 1200 1200 1200 1200 1200 1200 800 
5 1200 1200 1200 1000 1200 800 1200 800 1200 1000 
3 1100 1100 1200 1200 1200 1200 
3 1200 1200 1200 800 1100 1100 
5 1100 1100 1200 800 1200 800 1200 1200 1200 800 
2 1200 1200 1100 1100 
2 1200 1200 1200 1200 
4 1200 1000 1200 1000 1100 1100 1200 800 
2 1200 1200 1200 1000 
3 1200 1000 1200 800 1200 800 
2 1100 1100 1200 1200 
4 1200 1000 1100 1100 1200 1200 1200 1000 
2 1100 1100 1200 800 
4 1100 1100 1200 1200 1200 1200 1200 1200 
5 1100 1100 1200 800 1200 1000 1200 800 1200 1200 