E021-06m
6

21
20
66

6 58 40 20

0 30.0 30.0
1 42.0 42.0
2 31.0 31.0
3 5.0 5.0
4 12.0 12.0
5 36.0 36.0
6 52.0 52.0
7 27.0 27.0
8 17.0 17.0
9 13.0 13.0
10 57.0 57.0
11 62.0 62.0
12 42.0 42.0
13 16.0 16.0
14 8.0 8.0
15 7.0 7.0
16 27.0 27.0
17 30.0 30.0
18 43.0 43.0
19 58.0 58.0
20 58.0 58.0

0  0
3 13 3 11 3 19 3 
4 9 6 8 2 20 3 12 4 
2 9 4 5 2 
4 7 2 7 5 20 3 4 3 
4 14 4 6 2 5 3 12 2 
4 5 3 4 6 6 2 22 3 
4 7 2 6 4 18 2 11 2 
2 15 2 6 6 
3 22 4 11 3 10 2 
4 5 6 12 2 6 4 17 4 
3 24 3 9 6 8 6 
2 10 3 6 6 
3 11 4 10 2 12 4 
4 7 4 7 6 7 3 8 6 
2 9 2 16 3 
4 11 6 17 4 8 6 22 3 
4 4 2 8 6 20 4 5 2 
4 5 4 12 4 11 5 16 2 
2 6 6 11 5 
4 20 3 4 2 4 4 18 2 