E021-06m
8

21
20
74

3 13000 13370 2480

0 30.0 30.0
1 42.0 42.0
2 31.0 31.0
3 5.0 5.0
4 12.0 12.0
5 36.0 36.0
6 52.0 52.0
7 27.0 27.0
8 17.0 17.0
9 13.0 13.0
10 57.0 57.0
11 62.0 62.0
12 42.0 42.0
13 16.0 16.0
14 8.0 8.0
15 7.0 7.0
16 27.0 27.0
17 30.0 30.0
18 43.0 43.0
19 58.0 58.0
20 58.0 58.0

0  0
5 1200 800 1100 1100 1200 800 1200 1000 1100 1100 
5 1200 1000 1200 1200 1100 1100 1200 800 1200 1000 
5 1200 1000 1200 1200 1200 800 1200 1000 1200 800 
4 1100 1100 1100 1100 1200 800 1200 1200 
5 1200 1200 1100 1100 1100 1100 1200 800 1100 1100 
2 1100 1100 1200 1200 
5 1200 1200 1100 1100 1200 800 1200 1200 1100 1100 
3 1100 1100 1200 1000 1200 800 
4 1200 800 1200 800 1100 1100 1200 1000 
3 1200 1000 1100 1100 1100 1100 
2 1200 1200 1200 800 
5 1200 1000 1200 1000 1100 1100 1200 800 1200 1000 
2 1200 1000 1200 800 
2 1200 800 1100 1100 
3 1200 800 1200 1200 1200 1200 
4 1100 1100 1200 1200 1200 1200 1200 1000 
5 1200 800 1200 800 1200 800 1100 1100 1100 1100 
3 1200 800 1200 1000 1200 1200 
5 1200 800 1200 1000 1200 1200 1200 800 1200 1000 
2 1200 800 1200 800 