E022-06m
6

22
21
68

6 4000 40 20

0 145.0 145.0
1 151.0 151.0
2 159.0 159.0
3 130.0 130.0
4 128.0 128.0
5 163.0 163.0
6 146.0 146.0
7 161.0 161.0
8 142.0 142.0
9 163.0 163.0
10 148.0 148.0
11 128.0 128.0
12 156.0 156.0
13 129.0 129.0
14 146.0 146.0
15 164.0 164.0
16 141.0 141.0
17 147.0 147.0
18 164.0 164.0
19 129.0 129.0
20 155.0 155.0
21 139.0 139.0

0  0
3 13 3 11 3 19 3 
4 9 6 8 2 20 3 12 4 
2 9 4 5 2 
4 7 2 7 5 20 3 4 3 
4 14 4 6 2 5 3 12 2 
4 5 3 4 6 6 2 22 3 
4 7 2 6 4 18 2 11 2 
2 15 2 6 6 
3 22 4 11 3 10 2 
4 5 6 12 2 6 4 17 4 
3 24 3 9 6 8 6 
2 10 3 6 6 
3 11 4 10 2 12 4 
4 7 4 7 6 7 3 8 6 
2 9 2 16 3 
4 11 6 17 4 8 6 22 3 
4 4 2 8 6 20 4 5 2 
4 5 4 12 4 11 5 16 2 
2 6 6 11 5 
4 20 3 4 2 4 4 18 2 
2 12 6 12 3 