E022-04g
8

22
21
75

4 13000 13370 2480

0 145.0 145.0
1 151.0 151.0
2 159.0 159.0
3 130.0 130.0
4 128.0 128.0
5 163.0 163.0
6 146.0 146.0
7 161.0 161.0
8 142.0 142.0
9 163.0 163.0
10 148.0 148.0
11 128.0 128.0
12 156.0 156.0
13 129.0 129.0
14 146.0 146.0
15 164.0 164.0
16 141.0 141.0
17 147.0 147.0
18 164.0 164.0
19 129.0 129.0
20 155.0 155.0
21 139.0 139.0

0  0
3 1200 800 1100 1100 1200 1200 
2 1200 1200 1200 1200 
4 1200 1200 1100 1100 1200 800 1200 800 
3 1100 1100 1100 1100 1200 800 
3 1200 1000 1200 1200 1200 800 
5 1100 1100 1200 800 1200 1000 1200 1200 1200 1000 
2 1100 1100 1100 1100 
5 1200 800 1200 1000 1200 1000 1200 1200 1200 800 
2 1200 1200 1200 800 
4 1100 1100 1200 1200 1200 800 1200 1000 
3 1200 1000 1200 1000 1100 1100 
2 1200 1200 1100 1100 
4 1200 800 1100 1100 1200 1000 1200 800 
4 1100 1100 1200 800 1200 1200 1200 1000 
4 1100 1100 1200 800 1200 1000 1100 1100 
4 1200 1000 1100 1100 1200 1000 1200 1000 
4 1200 1000 1200 1200 1200 1200 1200 1200 
4 1100 1100 1200 1000 1200 800 1200 1200 
5 1200 1200 1200 800 1200 1200 1200 1200 1100 1100 
3 1200 800 1200 1200 1100 1100 
5 1100 1100 1100 1100 1200 800 1200 800 1200 1200 