E023-03g
6

23
22
70

6 4500 40 20

0 266.0 266.0
1 295.0 295.0
2 301.0 301.0
3 309.0 309.0
4 217.0 217.0
5 218.0 218.0
6 282.0 282.0
7 242.0 242.0
8 230.0 230.0
9 249.0 249.0
10 256.0 256.0
11 265.0 265.0
12 267.0 267.0
13 259.0 259.0
14 315.0 315.0
15 329.0 329.0
16 318.0 318.0
17 329.0 329.0
18 267.0 267.0
19 275.0 275.0
20 303.0 303.0
21 208.0 208.0
22 326.0 326.0

0  0
3 13 3 11 3 19 3 
4 9 6 8 2 20 3 12 4 
2 9 4 5 2 
4 7 2 7 5 20 3 4 3 
4 14 4 6 2 5 3 12 2 
4 5 3 4 6 6 2 22 3 
4 7 2 6 4 18 2 11 2 
2 15 2 6 6 
3 22 4 11 3 10 2 
4 5 6 12 2 6 4 17 4 
3 24 3 9 6 8 6 
2 10 3 6 6 
3 11 4 10 2 12 4 
4 7 4 7 6 7 3 8 6 
2 9 2 16 3 
4 11 6 17 4 8 6 22 3 
4 4 2 8 6 20 4 5 2 
4 5 4 12 4 11 5 16 2 
2 6 6 11 5 
4 20 3 4 2 4 4 18 2 
2 12 6 12 3 
2 6 6 22 4 