E023-05s
7

23
22
78

5 14000 14370 2480

0 266.0 266.0
1 295.0 295.0
2 301.0 301.0
3 309.0 309.0
4 217.0 217.0
5 218.0 218.0
6 282.0 282.0
7 242.0 242.0
8 230.0 230.0
9 249.0 249.0
10 256.0 256.0
11 265.0 265.0
12 267.0 267.0
13 259.0 259.0
14 315.0 315.0
15 329.0 329.0
16 318.0 318.0
17 329.0 329.0
18 267.0 267.0
19 275.0 275.0
20 303.0 303.0
21 208.0 208.0
22 326.0 326.0

0  0
3 1200 800 1100 1100 1200 1200 
2 1200 1200 1200 1200 
4 1200 1200 1100 1100 1200 800 1200 800 
3 1100 1100 1100 1100 1200 800 
3 1200 1000 1200 1200 1200 800 
5 1100 1100 1200 800 1200 1000 1200 1200 1200 1000 
2 1100 1100 1100 1100 
5 1200 800 1200 1000 1200 1000 1200 1200 1200 800 
2 1200 1200 1200 800 
4 1100 1100 1200 1200 1200 800 1200 1000 
3 1200 1000 1200 1000 1100 1100 
2 1200 1200 1100 1100 
4 1200 800 1100 1100 1200 1000 1200 800 
4 1100 1100 1200 800 1200 1200 1200 1000 
4 1100 1100 1200 800 1200 1000 1100 1100 
4 1200 1000 1100 1100 1200 1000 1200 1000 
4 1200 1000 1200 1200 1200 1200 1200 1200 
4 1100 1100 1200 1000 1200 800 1200 1200 
5 1200 1200 1200 800 1200 1200 1200 1200 1100 1100 
3 1200 800 1200 1200 1100 1100 
5 1100 1100 1100 1100 1200 800 1200 800 1200 1200 
3 1200 1200 1200 1000 1100 1100 