E026-08m
8

26
25
91

4 13000 13370 2480

0 30.0 30.0
1 52.0 52.0
2 27.0 27.0
3 17.0 17.0
4 13.0 13.0
5 57.0 57.0
6 62.0 62.0
7 42.0 42.0
8 16.0 16.0
9 8.0 8.0
10 7.0 7.0
11 27.0 27.0
12 30.0 30.0
13 43.0 43.0
14 58.0 58.0
15 58.0 58.0
16 37.0 37.0
17 38.0 38.0
18 46.0 46.0
19 61.0 61.0
20 62.0 62.0
21 63.0 63.0
22 32.0 32.0
23 45.0 45.0
24 59.0 59.0
25 5.0 5.0

0  0
4 1200 1000 1200 1200 1100 1100 1200 1000 
4 1200 800 1200 1200 1100 1100 1200 800 
3 1200 1000 1100 1100 1200 800 
5 1200 1000 1100 1100 1200 1000 1200 1200 1200 1200 
5 1200 1000 1200 1200 1200 1000 1200 1000 1100 1100 
2 1200 800 1200 1000 
2 1200 1000 1200 1200 
4 1100 1100 1200 1000 1200 1000 1200 1000 
4 1200 800 1200 800 1200 1000 1200 1200 
2 1200 1000 1200 1000 
4 1200 1000 1200 1200 1200 1000 1200 800 
4 1200 1000 1200 1000 1200 1000 1200 1200 
5 1200 1000 1100 1100 1200 1200 1200 1000 1200 1000 
4 1200 800 1200 1200 1200 800 1200 1200 
4 1100 1100 1200 1200 1200 1200 1200 1000 
2 1200 800 1200 1000 
5 1200 1000 1200 800 1100 1100 1200 800 1200 800 
4 1100 1100 1100 1100 1200 1200 1200 1000 
4 1200 1000 1200 1000 1200 1200 1200 800 
3 1200 1000 1200 1200 1200 800 
3 1200 1200 1100 1100 1100 1100 
4 1200 800 1200 1200 1200 800 1200 800 
4 1200 1200 1200 1200 1200 800 1200 1000 
4 1200 1000 1200 1200 1100 1100 1100 1100 
2 1200 800 1200 800 