E026-08m
6

26
25
79

8 48 40 20

0 30.0 30.0
1 52.0 52.0
2 27.0 27.0
3 17.0 17.0
4 13.0 13.0
5 57.0 57.0
6 62.0 62.0
7 42.0 42.0
8 16.0 16.0
9 8.0 8.0
10 7.0 7.0
11 27.0 27.0
12 30.0 30.0
13 43.0 43.0
14 58.0 58.0
15 58.0 58.0
16 37.0 37.0
17 38.0 38.0
18 46.0 46.0
19 61.0 61.0
20 62.0 62.0
21 63.0 63.0
22 32.0 32.0
23 45.0 45.0
24 59.0 59.0
25 5.0 5.0

0  0
3 13 3 11 3 19 3 
4 9 6 8 2 20 3 12 4 
2 9 4 5 2 
4 7 2 7 5 20 3 4 3 
4 14 4 6 2 5 3 12 2 
4 5 3 4 6 6 2 22 3 
4 7 2 6 4 18 2 11 2 
2 15 2 6 6 
3 22 4 11 3 10 2 
4 5 6 12 2 6 4 17 4 
3 24 3 9 6 8 6 
2 10 3 6 6 
3 11 4 10 2 12 4 
4 7 4 7 6 7 3 8 6 
2 9 2 16 3 
4 11 6 17 4 8 6 22 3 
4 4 2 8 6 20 4 5 2 
4 5 4 12 4 11 5 16 2 
2 6 6 11 5 
4 20 3 4 2 4 4 18 2 
2 12 6 12 3 
2 6 6 22 4 
2 23 2 8 5 
4 13 4 8 5 17 4 4 3 
3 11 4 21 3 7 4 