E030-03g
6

30
29
91

7 4500 40 20

0 162.0 162.0
1 218.0 218.0
2 218.0 218.0
3 201.0 201.0
4 214.0 214.0
5 224.0 224.0
6 210.0 210.0
7 104.0 104.0
8 126.0 126.0
9 119.0 119.0
10 129.0 129.0
11 126.0 126.0
12 125.0 125.0
13 116.0 116.0
14 126.0 126.0
15 125.0 125.0
16 119.0 119.0
17 115.0 115.0
18 153.0 153.0
19 175.0 175.0
20 180.0 180.0
21 159.0 159.0
22 188.0 188.0
23 152.0 152.0
24 215.0 215.0
25 212.0 212.0
26 188.0 188.0
27 207.0 207.0
28 184.0 184.0
29 207.0 207.0

0  0
3 13 3 11 3 19 3 
4 9 6 8 2 20 3 12 4 
2 9 4 5 2 
4 7 2 7 5 20 3 4 3 
4 14 4 6 2 5 3 12 2 
4 5 3 4 6 6 2 22 3 
4 7 2 6 4 18 2 11 2 
2 15 2 6 6 
3 22 4 11 3 10 2 
4 5 6 12 2 6 4 17 4 
3 24 3 9 6 8 6 
2 10 3 6 6 
3 11 4 10 2 12 4 
4 7 4 7 6 7 3 8 6 
2 9 2 16 3 
4 11 6 17 4 8 6 22 3 
4 4 2 8 6 20 4 5 2 
4 5 4 12 4 11 5 16 2 
2 6 6 11 5 
4 20 3 4 2 4 4 18 2 
2 12 6 12 3 
2 6 6 22 4 
2 23 2 8 5 
4 13 4 8 5 17 4 4 3 
3 11 4 21 3 7 4 
4 13 4 13 2 13 2 12 2 
3 12 2 4 2 6 2 
2 6 6 7 2 
3 9 3 21 4 23 4 