E030-03g
9

30
29
101

5 12000 12470 2480

0 162.0 162.0
1 218.0 218.0
2 218.0 218.0
3 201.0 201.0
4 214.0 214.0
5 224.0 224.0
6 210.0 210.0
7 104.0 104.0
8 126.0 126.0
9 119.0 119.0
10 129.0 129.0
11 126.0 126.0
12 125.0 125.0
13 116.0 116.0
14 126.0 126.0
15 125.0 125.0
16 119.0 119.0
17 115.0 115.0
18 153.0 153.0
19 175.0 175.0
20 180.0 180.0
21 159.0 159.0
22 188.0 188.0
23 152.0 152.0
24 215.0 215.0
25 212.0 212.0
26 188.0 188.0
27 207.0 207.0
28 184.0 184.0
29 207.0 207.0

0  0
2 1200 1000 1100 1100 
2 1200 800 1100 1100 
4 1200 1000 1200 1000 1200 800 1100 1100 
2 1100 1100 1200 1200 
2 1200 800 1200 1200 
5 1100 1100 1200 800 1100 1100 1200 1000 1200 800 
2 1200 1200 1200 1000 
3 1200 800 1200 800 1200 800 
3 1100 1100 1100 1100 1200 1200 
2 1100 1100 1200 1000 
4 1100 1100 1200 1200 1100 1100 1200 1200 
4 1200 1200 1200 1000 1200 800 1200 1200 
5 1200 800 1200 1200 1200 1000 1100 1100 1100 1100 
3 1200 1200 1200 800 1200 800 
3 1200 800 1200 1000 1100 1100 
4 1200 1200 1100 1100 1200 800 1200 1000 
4 1100 1100 1200 1200 1200 1000 1100 1100 
4 1100 1100 1200 1200 1200 1200 1200 1000 
5 1200 1200 1200 1000 1200 1000 1100 1100 1200 1000 
4 1200 800 1200 800 1200 1200 1200 800 
5 1100 1100 1200 1000 1200 800 1200 1000 1100 1100 
4 1200 800 1200 800 1200 800 1200 1000 
2 1100 1100 1200 800 
4 1100 1100 1200 1000 1200 1200 1100 1100 
2 1200 800 1100 1100 
4 1200 1200 1200 1000 1200 800 1200 1000 
5 1200 1000 1200 800 1200 800 1200 800 1200 1000 
4 1200 1000 1100 1100 1100 1100 1100 1100 
4 1100 1100 1200 1000 1200 1200 1100 1100 