E033-03n
7

33
32
114

3 14000 14370 2480

0 250.0 250.0
1 10.0 10.0
2 313.0 313.0
3 467.0 467.0
4 205.0 205.0
5 275.0 275.0
6 269.0 269.0
7 293.0 293.0
8 333.0 333.0
9 304.0 304.0
10 286.0 286.0
11 288.0 288.0
12 295.0 295.0
13 50.0 50.0
14 484.0 484.0
15 447.0 447.0
16 215.0 215.0
17 22.0 22.0
18 267.0 267.0
19 391.0 391.0
20 399.0 399.0
21 363.0 363.0
22 355.0 355.0
23 378.0 378.0
24 458.0 458.0
25 383.0 383.0
26 240.0 240.0
27 273.0 273.0
28 278.0 278.0
29 352.0 352.0
30 324.0 324.0
31 249.0 249.0
32 65.0 65.0

0  0
4 1100 1100 1200 1200 1200 1200 1200 800 
5 1100 1100 1100 1100 1200 1200 1200 800 1200 800 
3 1200 1200 1200 800 1200 1200 
5 1200 1000 1200 800 1200 800 1200 1000 1200 1200 
4 1200 1200 1200 800 1200 1000 1200 800 
5 1200 1000 1200 1200 1100 1100 1200 1000 1200 800 
3 1200 800 1200 1000 1200 800 
4 1200 1200 1200 1200 1200 1200 1200 800 
4 1200 800 1200 800 1100 1100 1200 1000 
2 1100 1100 1200 1200 
2 1200 800 1200 1000 
4 1200 1000 1100 1100 1200 1000 1200 1200 
3 1100 1100 1200 1000 1200 1200 
4 1200 800 1200 800 1100 1100 1100 1100 
3 1100 1100 1200 1200 1200 1200 
4 1200 1200 1200 1000 1100 1100 1200 1000 
5 1100 1100 1200 800 1100 1100 1200 1200 1200 1000 
2 1100 1100 1200 1000 
5 1200 1200 1100 1100 1100 1100 1200 800 1200 800 
5 1100 1100 1200 1200 1200 800 1200 800 1200 1200 
2 1100 1100 1100 1100 
4 1200 1200 1200 1000 1200 1000 1200 1200 
4 1100 1100 1200 1000 1100 1100 1100 1100 
4 1100 1100 1200 1200 1200 1000 1100 1100 
3 1200 1200 1200 800 1200 1000 
2 1100 1100 1100 1100 
3 1200 800 1200 1000 1200 1200 
2 1200 800 1200 1200 
4 1200 1000 1200 1200 1200 1200 1200 1200 
2 1100 1100 1200 1000 
3 1200 1200 1200 1200 1200 800 
5 1200 1000 1100 1100 1200 1200 1200 1200 1200 1200 