E033-03n
6

33
32
99

8 38000 40 20

0 250.0 250.0
1 10.0 10.0
2 313.0 313.0
3 467.0 467.0
4 205.0 205.0
5 275.0 275.0
6 269.0 269.0
7 293.0 293.0
8 333.0 333.0
9 304.0 304.0
10 286.0 286.0
11 288.0 288.0
12 295.0 295.0
13 50.0 50.0
14 484.0 484.0
15 447.0 447.0
16 215.0 215.0
17 22.0 22.0
18 267.0 267.0
19 391.0 391.0
20 399.0 399.0
21 363.0 363.0
22 355.0 355.0
23 378.0 378.0
24 458.0 458.0
25 383.0 383.0
26 240.0 240.0
27 273.0 273.0
28 278.0 278.0
29 352.0 352.0
30 324.0 324.0
31 249.0 249.0
32 65.0 65.0

0  0
3 13 3 11 3 19 3 
4 9 6 8 2 20 3 12 4 
2 9 4 5 2 
4 7 2 7 5 20 3 4 3 
4 14 4 6 2 5 3 12 2 
4 5 3 4 6 6 2 22 3 
4 7 2 6 4 18 2 11 2 
2 15 2 6 6 
3 22 4 11 3 10 2 
4 5 6 12 2 6 4 17 4 
3 24 3 9 6 8 6 
2 10 3 6 6 
3 11 4 10 2 12 4 
4 7 4 7 6 7 3 8 6 
2 9 2 16 3 
4 11 6 17 4 8 6 22 3 
4 4 2 8 6 20 4 5 2 
4 5 4 12 4 11 5 16 2 
2 6 6 11 5 
4 20 3 4 2 4 4 18 2 
2 12 6 12 3 
2 6 6 22 4 
2 23 2 8 5 
4 13 4 8 5 17 4 4 3 
3 11 4 21 3 7 4 
4 13 4 13 2 13 2 12 2 
3 12 2 4 2 6 2 
2 6 6 7 2 
3 9 3 21 4 23 4 
2 22 3 10 6 
2 6 5 4 2 
4 19 4 22 3 8 3 8 3 