E036-11h
7

36
35
130

11 14000 14370 2480

0 40.0 40.0
1 22.0 22.0
2 36.0 36.0
3 21.0 21.0
4 45.0 45.0
5 55.0 55.0
6 33.0 33.0
7 50.0 50.0
8 55.0 55.0
9 26.0 26.0
10 40.0 40.0
11 55.0 55.0
12 35.0 35.0
13 62.0 62.0
14 62.0 62.0
15 62.0 62.0
16 21.0 21.0
17 33.0 33.0
18 9.0 9.0
19 62.0 62.0
20 66.0 66.0
21 44.0 44.0
22 26.0 26.0
23 11.0 11.0
24 7.0 7.0
25 17.0 17.0
26 41.0 41.0
27 55.0 55.0
28 35.0 35.0
29 52.0 52.0
30 43.0 43.0
31 31.0 31.0
32 22.0 22.0
33 26.0 26.0
34 50.0 50.0
35 55.0 55.0

0  0
2 1200 800 1200 1200 
3 1100 1100 1200 1000 1200 800 
5 1200 1000 1200 800 1200 1000 1200 1000 1200 800 
3 1200 800 1100 1100 1200 1000 
3 1200 1000 1200 1200 1100 1100 
2 1200 1200 1100 1100 
5 1200 1000 1200 1000 1200 1000 1200 1000 1100 1100 
4 1200 1200 1200 1200 1200 1200 1200 1200 
4 1200 800 1200 1000 1200 1000 1200 1200 
3 1200 800 1200 1200 1200 1000 
2 1100 1100 1100 1100 
2 1200 800 1200 800 
3 1100 1100 1200 800 1100 1100 
3 1100 1100 1100 1100 1200 1000 
5 1200 800 1100 1100 1200 1200 1200 800 1200 1000 
4 1100 1100 1200 800 1200 1000 1100 1100 
5 1100 1100 1100 1100 1200 1200 1200 800 1200 800 
5 1200 1200 1100 1100 1200 1200 1200 1000 1200 1000 
5 1100 1100 1200 1200 1100 1100 1200 1200 1100 1100 
3 1200 1200 1200 800 1100 1100 
2 1200 1200 1200 1200 
5 1200 800 1200 800 1100 1100 1100 1100 1100 1100 
5 1200 800 1200 1200 1200 800 1100 1100 1200 1200 
5 1200 800 1200 1200 1200 1200 1200 1200 1200 1000 
2 1200 800 1100 1100 
5 1200 1200 1200 1000 1200 1000 1200 1000 1200 1200 
4 1200 1200 1100 1100 1100 1100 1200 800 
4 1200 800 1200 1200 1100 1100 1200 800 
2 1200 1200 1200 1200 
5 1200 1000 1200 1200 1100 1100 1200 1000 1200 1200 
2 1200 800 1100 1100 
5 1200 800 1200 800 1100 1100 1200 1000 1200 1000 
4 1200 1200 1200 1200 1200 800 1200 800 
4 1200 800 1200 1200 1100 1100 1200 1000 
5 1200 1200 1200 800 1200 1200 1100 1100 1100 1100 