E036-11h
6

36
35
109

11 67 40 20

0 40.0 40.0
1 22.0 22.0
2 36.0 36.0
3 21.0 21.0
4 45.0 45.0
5 55.0 55.0
6 33.0 33.0
7 50.0 50.0
8 55.0 55.0
9 26.0 26.0
10 40.0 40.0
11 55.0 55.0
12 35.0 35.0
13 62.0 62.0
14 62.0 62.0
15 62.0 62.0
16 21.0 21.0
17 33.0 33.0
18 9.0 9.0
19 62.0 62.0
20 66.0 66.0
21 44.0 44.0
22 26.0 26.0
23 11.0 11.0
24 7.0 7.0
25 17.0 17.0
26 41.0 41.0
27 55.0 55.0
28 35.0 35.0
29 52.0 52.0
30 43.0 43.0
31 31.0 31.0
32 22.0 22.0
33 26.0 26.0
34 50.0 50.0
35 55.0 55.0

0  0
3 13 3 11 3 19 3 
4 9 6 8 2 20 3 12 4 
2 9 4 5 2 
4 7 2 7 5 20 3 4 3 
4 14 4 6 2 5 3 12 2 
4 5 3 4 6 6 2 22 3 
4 7 2 6 4 18 2 11 2 
2 15 2 6 6 
3 22 4 11 3 10 2 
4 5 6 12 2 6 4 17 4 
3 24 3 9 6 8 6 
2 10 3 6 6 
3 11 4 10 2 12 4 
4 7 4 7 6 7 3 8 6 
2 9 2 16 3 
4 11 6 17 4 8 6 22 3 
4 4 2 8 6 20 4 5 2 
4 5 4 12 4 11 5 16 2 
2 6 6 11 5 
4 20 3 4 2 4 4 18 2 
2 12 6 12 3 
2 6 6 22 4 
2 23 2 8 5 
4 13 4 8 5 17 4 4 3 
3 11 4 21 3 7 4 
4 13 4 13 2 13 2 12 2 
3 12 2 4 2 6 2 
2 6 6 7 2 
3 9 3 21 4 23 4 
2 22 3 10 6 
2 6 5 4 2 
4 19 4 22 3 8 3 8 3 
4 11 2 6 5 12 6 16 3 
3 12 3 12 3 21 4 
3 6 6 6 4 6 2 