10 3 3

2 562 40 20

0 389.0 474.0
1 304.0 360.0
2 461.0 282.0
3 269.0 326.0
4 419.0 64.0
5 39.0 410.0
6 159.0 153.0
7 11.0 470.0
8 103.0 325.0
9 121.0 226.0
10 124.0 33.0


0 11 4 11.0
1 9 2 5.0
2 7 6 11.0

1 0.04 0.04 0.04
2 0.01 0.01 0.01
3 0.02 0.02 0.02
4 0.04 0.04 0.04
5 0.03 0.03 0.03
6 0.05 0.05 0.05
7 0.03 0.03 0.03
8 0.03 0.03 0.03
9 0.04 0.04 0.04
10 0.04 0.04 0.04

1 1 3 2
2 2 3 3
3 3 2 1
4 2 2 2
5 2 1 5
6 1 1 2
7 4 2 1
8 2 1 2
9 3 1 3
10 1 2 1

0 0 1 1
1 0 2 1
2 1 0 0

0 0 1 1
1 2 0 1
2 0 2 1

0 1 0 1
1 1 0 0
2 1 2 0

0 1 1 0
1 1 0 0
2 0 1 2

0 1 0 2
1 0 1 1
2 1 0 2

0 1 1 0
1 0 0 1
2 0 0 1

0 1 2 0
1 3 0 0
2 0 0 1

0 0 0 1
1 1 1 1
2 1 0 0

0 2 0 1
1 1 1 1
2 0 0 1

0 0 1 0
1 1 1 0
2 0 0 1


S_abs2n10_2_L3_3_2