5 6 3

1 624 40 20

0 119.0 168.0
1 191.0 336.0
2 69.0 349.0
3 94.0 235.0
4 422.0 279.0
5 153.0 108.0


0 11 4 6.0
1 9 2 3.0
2 7 6 6.0

1 1.20 0.60 1.20
2 1.14 0.57 1.14
3 1.44 0.72 1.44
4 1.32 0.66 1.32
5 2.40 1.20 2.40

1 3 6 5
2 5 4 3
3 3 2 7
4 6 3 3
5 4 3 4

0 0 1 1
1 0 2 1
2 1 0 0
3 0 1 1
4 2 0 1
5 0 2 1

0 1 0 1
1 1 0 0
2 1 2 0
3 1 1 0
4 1 0 0
5 0 1 2

0 1 0 2
1 0 1 1
2 1 0 2
3 1 1 0
4 0 0 1
5 0 0 1

0 1 2 0
1 3 0 0
2 0 0 1
3 0 0 1
4 1 1 1
5 1 0 0

0 2 0 1
1 1 1 1
2 0 0 1
3 0 1 0
4 1 1 0
5 0 0 1


S_abs4n5_2_H6_3_1