15 6 3

3 558 40 20

0 124.0 227.0
1 474.0 364.0
2 360.0 164.0
3 282.0 277.0
4 326.0 377.0
5 64.0 249.0
6 410.0 92.0
7 153.0 165.0
8 470.0 365.0
9 325.0 476.0
10 226.0 92.0
11 33.0 105.0
12 15.0 46.0
13 226.0 45.0
14 316.0 162.0
15 347.0 190.0


0 11 4 6.0
1 9 2 2.0
2 7 6 5.0

1 2.10 0.70 1.75
2 0.84 0.28 0.70
3 1.02 0.34 0.85
4 2.16 0.72 1.80
5 1.50 0.50 1.25
6 2.88 0.96 2.40
7 1.98 0.66 1.65
8 1.98 0.66 1.65
9 2.28 0.76 1.90
10 2.22 0.74 1.85
11 1.56 0.52 1.30
12 2.10 0.70 1.75
13 2.28 0.76 1.90
14 0.78 0.26 0.65
15 2.04 0.68 1.70

1 3 6 5
2 5 4 3
3 3 2 7
4 6 3 3
5 4 3 4
6 4 6 5
7 4 2 3
8 5 4 6
9 2 6 5
10 1 6 5
11 5 5 3
12 3 3 6
13 4 3 6
14 6 4 3
15 7 4 5

0 0 1 1
1 0 2 1
2 1 0 0
3 0 1 1
4 2 0 1
5 0 2 1

0 1 0 1
1 1 0 0
2 1 2 0
3 1 1 0
4 1 0 0
5 0 1 2

0 1 0 2
1 0 1 1
2 1 0 2
3 1 1 0
4 0 0 1
5 0 0 1

0 1 2 0
1 3 0 0
2 0 0 1
3 0 0 1
4 1 1 1
5 1 0 0

0 2 0 1
1 1 1 1
2 0 0 1
3 0 1 0
4 1 1 0
5 0 0 1

0 0 1 0
1 1 1 1
2 2 0 1
3 0 1 1
4 1 1 1
5 0 2 1

0 1 0 0
1 1 0 1
2 0 0 1
3 0 1 0
4 0 1 0
5 2 0 1

0 0 0 2
1 1 1 1
2 2 0 1
3 0 1 0
4 2 1 0
5 0 1 2

0 0 1 0
1 0 1 2
2 0 2 1
3 0 1 1
4 0 1 0
5 2 0 1

0 1 2 0
1 0 0 2
2 0 0 2
3 0 1 0
4 0 2 1
5 0 1 0

0 2 0 1
1 1 0 0
2 0 3 0
3 0 1 2
4 1 1 0
5 1 0 0

0 0 0 1
1 0 0 1
2 1 0 0
3 0 1 2
4 1 1 1
5 1 1 1

0 1 1 1
1 1 0 0
2 0 0 2
3 2 0 1
4 0 1 1
5 0 1 1

0 0 1 0
1 1 1 0
2 1 1 1
3 1 0 0
4 1 1 1
5 2 0 1

0 2 0 1
1 1 1 1
2 2 0 1
3 0 1 1
4 1 1 0
5 1 1 1


S_abs2n15_2_H6_3_3