15 3 3

3 574 40 20

0 436.0 90.0
1 211.0 46.0
2 41.0 497.0
3 423.0 165.0
4 489.0 66.0
5 346.0 123.0
6 365.0 388.0
7 480.0 497.0
8 205.0 297.0
9 238.0 464.0
10 339.0 138.0
11 300.0 408.0
12 272.0 69.0
13 90.0 67.0
14 474.0 244.0
15 270.0 285.0


0 11 4 11.0
1 9 2 5.0
2 7 6 11.0

1 5.28 2.40 5.28
2 4.07 1.85 4.07
3 4.40 2.00 4.40
4 5.39 2.45 5.39
5 3.63 1.65 3.63
6 2.86 1.30 2.86
7 2.75 1.25 2.75
8 2.75 1.25 2.75
9 1.32 0.60 1.32
10 3.30 1.50 3.30
11 3.63 1.65 3.63
12 5.17 2.35 5.17
13 1.21 0.55 1.21
14 3.74 1.70 3.74
15 5.06 2.30 5.06

1 1 3 2
2 2 3 3
3 3 2 1
4 2 2 2
5 2 1 5
6 1 1 2
7 4 2 1
8 2 1 2
9 3 1 3
10 1 2 1
11 3 2 2
12 1 4 3
13 2 0 2
14 2 2 1
15 3 1 4

0 0 1 1
1 0 2 1
2 1 0 0

0 0 1 1
1 2 0 1
2 0 2 1

0 1 0 1
1 1 0 0
2 1 2 0

0 1 1 0
1 1 0 0
2 0 1 2

0 1 0 2
1 0 1 1
2 1 0 2

0 1 1 0
1 0 0 1
2 0 0 1

0 1 2 0
1 3 0 0
2 0 0 1

0 0 0 1
1 1 1 1
2 1 0 0

0 2 0 1
1 1 1 1
2 0 0 1

0 0 1 0
1 1 1 0
2 0 0 1

0 0 1 0
1 1 1 1
2 2 0 1

0 0 1 1
1 1 1 1
2 0 2 1

0 1 0 0
1 1 0 1
2 0 0 1

0 0 1 0
1 0 1 0
2 2 0 1

0 0 0 2
1 1 1 1
2 2 0 1


S_abs3n15_2_H3_3_3