20 6 5

12 154 40 20

0 339.0 285.0
1 300.0 299.0
2 272.0 409.0
3 90.0 492.0
4 474.0 360.0
5 270.0 216.0
6 90.0 106.0
7 46.0 10.0
8 497.0 262.0
9 165.0 156.0
10 66.0 207.0
11 123.0 446.0
12 388.0 466.0
13 497.0 114.0
14 297.0 251.0
15 464.0 422.0
16 138.0 53.0
17 408.0 417.0
18 69.0 380.0
19 67.0 238.0
20 244.0 326.0


0 8 6 3.0
1 8 2 1.0
2 6 4 2.0
3 8 6 3.0
4 22 3 4.0

1 1.44 0.48 0.96 1.44 1.92
2 1.11 0.37 0.74 1.11 1.48
3 1.20 0.40 0.80 1.20 1.60
4 1.47 0.49 0.98 1.47 1.96
5 0.99 0.33 0.66 0.99 1.32
6 0.78 0.26 0.52 0.78 1.04
7 0.75 0.25 0.50 0.75 1.00
8 0.75 0.25 0.50 0.75 1.00
9 0.36 0.12 0.24 0.36 0.48
10 0.90 0.30 0.60 0.90 1.20
11 0.99 0.33 0.66 0.99 1.32
12 1.41 0.47 0.94 1.41 1.88
13 0.33 0.11 0.22 0.33 0.44
14 1.02 0.34 0.68 1.02 1.36
15 1.38 0.46 0.92 1.38 1.84
16 0.45 0.15 0.30 0.45 0.60
17 0.57 0.19 0.38 0.57 0.76
18 0.90 0.30 0.60 0.90 1.20
19 0.30 0.10 0.20 0.30 0.40
20 0.93 0.31 0.62 0.93 1.24

1 2 3 4 10 3
2 5 3 5 6 2
3 2 1 3 5 5
4 5 0 4 2 8
5 5 8 6 2 2
6 0 5 1 1 2
7 4 3 5 3 4
8 2 2 5 4 5
9 1 1 2 6 6
10 1 2 7 0 1
11 2 4 1 3 2
12 1 4 5 3 3
13 3 4 3 7 3
14 3 2 5 5 3
15 3 3 1 3 3
16 5 7 3 2 1
17 6 2 8 5 4
18 2 2 5 6 3
19 4 5 1 5 7
20 4 5 5 2 4

0 0 1 1 0 1
1 0 0 1 1 0
2 0 0 1 2 1
3 0 1 0 3 0
4 1 0 0 3 0
5 1 1 1 1 1

0 0 0 1 1 0
1 1 0 1 3 0
2 1 1 2 0 0
3 1 0 0 1 0
4 1 1 0 0 1
5 1 1 1 1 1

0 0 0 0 1 0
1 0 0 1 0 1
2 0 0 0 1 2
3 1 0 0 2 0
4 0 0 1 1 0
5 1 1 1 0 2

0 0 0 1 0 0
1 1 0 0 0 4
2 2 0 1 1 0
3 0 0 0 0 2
4 1 0 1 1 0
5 1 0 1 0 2

0 0 1 0 0 0
1 1 2 2 0 0
2 0 2 0 1 0
3 2 1 2 0 0
4 1 1 1 0 2
5 1 1 1 1 0

0 0 1 0 0 0
1 0 1 0 0 1
2 0 1 0 1 1
3 0 0 1 0 0
4 0 1 0 0 0
5 0 1 0 0 0

0 0 1 3 0 0
1 2 0 2 0 1
2 0 0 0 0 1
3 2 1 0 1 1
4 0 1 0 2 0
5 0 0 0 0 1

0 0 1 1 0 0
1 0 0 0 0 1
2 1 0 1 0 1
3 1 0 0 3 0
4 0 0 2 1 1
5 0 1 1 0 2

0 0 0 0 0 1
1 1 0 0 2 1
2 0 1 1 2 0
3 0 0 0 0 1
4 0 0 0 1 2
5 0 0 1 1 1

0 0 0 2 0 0
1 0 0 1 0 0
2 1 0 1 0 0
3 0 0 1 0 1
4 0 1 1 0 0
5 0 1 1 0 0

0 0 0 0 0 1
1 0 0 0 1 0
2 0 1 0 0 0
3 0 1 1 0 0
4 0 1 0 0 1
5 2 1 0 2 0

0 0 0 2 0 1
1 0 1 0 0 0
2 0 1 2 1 1
3 1 2 1 0 1
4 0 0 0 1 0
5 0 0 0 1 0

0 1 2 0 0 2
1 1 0 0 0 0
2 1 0 0 3 1
3 0 0 3 0 0
4 0 0 0 1 0
5 0 2 0 3 0

0 0 0 2 1 2
1 0 0 0 1 0
2 1 1 2 0 1
3 0 0 1 0 0
4 0 0 0 2 0
5 2 1 0 1 0

0 1 1 1 1 0
1 0 0 0 1 0
2 0 0 0 0 1
3 0 1 0 1 0
4 0 0 0 0 1
5 2 1 0 0 1

0 2 1 0 1 0
1 1 1 1 1 1
2 1 2 0 0 0
3 0 1 0 0 0
4 1 0 0 0 0
5 0 2 2 0 0

0 1 1 2 0 1
1 2 0 1 2 0
2 2 0 1 1 0
3 0 0 3 0 2
4 0 0 1 0 0
5 1 1 0 2 1

0 0 0 2 1 1
1 0 0 0 2 0
2 1 1 2 0 1
3 1 1 1 0 0
4 0 0 0 1 1
5 0 0 0 2 0

0 0 1 1 1 1
1 1 0 0 1 1
2 1 2 0 2 0
3 0 1 0 0 2
4 1 1 0 0 0
5 1 0 0 1 3

0 0 1 0 1 2
1 0 0 2 0 0
2 0 1 3 0 0
3 2 0 0 0 0
4 2 1 0 1 1
5 0 2 0 0 1


S_abs3n20_2_H6_5_12