5 6 5

4 264 40 20

0 309.0 334.0
1 345.0 168.0
2 34.0 174.0
3 297.0 367.0
4 211.0 389.0
5 76.0 304.0


0 11 4 3.0
1 12 3 2.0
2 6 9 4.0
3 17 4 5.0
4 6 3 1.0

1 0.12 0.08 0.16 0.20 0.04
2 0.03 0.02 0.04 0.05 0.01
3 0.06 0.04 0.08 0.10 0.02
4 0.12 0.08 0.16 0.20 0.04
5 0.09 0.06 0.12 0.15 0.03

1 4 6 4 2 5
2 5 4 0 4 5
3 3 4 5 3 5
4 1 3 2 10 4
5 3 1 3 1 6

0 1 0 0 0 1
1 1 1 1 0 2
2 1 2 0 0 0
3 0 1 3 1 0
4 1 1 0 0 0
5 0 1 0 1 2

0 0 0 0 1 2
1 0 0 0 1 0
2 2 1 0 0 1
3 1 2 0 1 0
4 1 0 0 0 1
5 1 1 0 1 1

0 1 0 0 0 3
1 0 2 2 1 0
2 0 0 0 0 1
3 0 1 1 0 0
4 1 0 1 1 0
5 1 1 1 1 1

0 0 0 0 1 0
1 0 1 0 3 0
2 0 1 0 3 1
3 1 1 0 1 1
4 0 0 2 1 1
5 0 0 0 1 1

0 0 0 0 1 0
1 0 0 0 0 1
2 2 0 0 0 1
3 0 0 0 0 1
4 0 1 2 0 2
5 1 0 1 0 1


S_abs2n5_2_L6_5_4