5 6 5

4 230 40 20

0 274.0 85.0
1 364.0 171.0
2 336.0 437.0
3 242.0 169.0
4 278.0 224.0
5 192.0 260.0


0 11 4 3.0
1 12 3 2.0
2 6 9 3.0
3 17 4 4.0
4 6 3 1.0

1 0.09 0.06 0.09 0.12 0.03
2 0.12 0.08 0.12 0.16 0.04
3 0.15 0.10 0.15 0.20 0.05
4 0.12 0.08 0.12 0.16 0.04
5 0.15 0.10 0.15 0.20 0.05

1 4 6 4 2 5
2 5 4 0 4 5
3 3 4 5 3 5
4 1 3 2 10 4
5 3 1 3 1 6

0 1 0 0 0 1
1 1 1 1 0 2
2 1 2 0 0 0
3 0 1 3 1 0
4 1 1 0 0 0
5 0 1 0 1 2

0 0 0 0 1 2
1 0 0 0 1 0
2 2 1 0 0 1
3 1 2 0 1 0
4 1 0 0 0 1
5 1 1 0 1 1

0 1 0 0 0 3
1 0 2 2 1 0
2 0 0 0 0 1
3 0 1 1 0 0
4 1 0 1 1 0
5 1 1 1 1 1

0 0 0 0 1 0
1 0 1 0 3 0
2 0 1 0 3 1
3 1 1 0 1 1
4 0 0 2 1 1
5 0 0 0 1 1

0 0 0 0 1 0
1 0 0 0 0 1
2 2 0 0 0 1
3 0 0 0 0 1
4 0 1 2 0 2
5 1 0 1 0 1


S_abs5n5_2_L6_5_4