10 6 3

2 416 40 20

0 389.0 474.0
1 304.0 360.0
2 461.0 282.0
3 269.0 326.0
4 419.0 64.0
5 39.0 410.0
6 159.0 153.0
7 11.0 470.0
8 103.0 325.0
9 121.0 226.0
10 124.0 33.0


0 11 4 4.0
1 9 2 2.0
2 7 6 4.0

1 1.40 0.70 1.40
2 0.56 0.28 0.56
3 0.68 0.34 0.68
4 1.44 0.72 1.44
5 1.00 0.50 1.00
6 1.92 0.96 1.92
7 1.32 0.66 1.32
8 1.32 0.66 1.32
9 1.52 0.76 1.52
10 1.48 0.74 1.48

1 3 6 5
2 5 4 3
3 3 2 7
4 6 3 3
5 4 3 4
6 4 6 5
7 4 2 3
8 5 4 6
9 2 6 5
10 1 6 5

0 0 1 1
1 0 2 1
2 1 0 0
3 0 1 1
4 2 0 1
5 0 2 1

0 1 0 1
1 1 0 0
2 1 2 0
3 1 1 0
4 1 0 0
5 0 1 2

0 1 0 2
1 0 1 1
2 1 0 2
3 1 1 0
4 0 0 1
5 0 0 1

0 1 2 0
1 3 0 0
2 0 0 1
3 0 0 1
4 1 1 1
5 1 0 0

0 2 0 1
1 1 1 1
2 0 0 1
3 0 1 0
4 1 1 0
5 0 0 1

0 0 1 0
1 1 1 1
2 2 0 1
3 0 1 1
4 1 1 1
5 0 2 1

0 1 0 0
1 1 0 1
2 0 0 1
3 0 1 0
4 0 1 0
5 2 0 1

0 0 0 2
1 1 1 1
2 2 0 1
3 0 1 0
4 2 1 0
5 0 1 2

0 0 1 0
1 0 1 2
2 0 2 1
3 0 1 1
4 0 1 0
5 2 0 1

0 1 2 0
1 0 0 2
2 0 0 2
3 0 1 0
4 0 2 1
5 0 1 0


S_abs2n10_2_H6_3_2