15 3 3

3 488 40 20

0 249.0 454.0
1 449.0 228.0
2 221.0 329.0
3 64.0 54.0
4 152.0 255.0
5 128.0 498.0
6 320.0 185.0
7 306.0 330.0
8 440.0 230.0
9 151.0 453.0
10 453.0 184.0
11 67.0 211.0
12 30.0 93.0
13 453.0 90.0
14 132.0 325.0
15 194.0 380.0


0 11 4 10.0
1 9 2 4.0
2 7 6 9.0

1 2.00 0.80 1.80
2 1.90 0.76 1.71
3 2.40 0.96 2.16
4 2.20 0.88 1.98
5 4.00 1.60 3.60
6 4.50 1.80 4.05
7 1.60 0.64 1.44
8 1.70 0.68 1.53
9 2.60 1.04 2.34
10 2.40 0.96 2.16
11 4.10 1.64 3.69
12 2.00 0.80 1.80
13 2.50 1.00 2.25
14 1.60 0.64 1.44
15 1.80 0.72 1.62

1 1 3 2
2 2 3 3
3 3 2 1
4 2 2 2
5 2 1 5
6 1 1 2
7 4 2 1
8 2 1 2
9 3 1 3
10 1 2 1
11 3 2 2
12 1 4 3
13 2 0 2
14 2 2 1
15 3 1 4

0 0 1 1
1 0 2 1
2 1 0 0

0 0 1 1
1 2 0 1
2 0 2 1

0 1 0 1
1 1 0 0
2 1 2 0

0 1 1 0
1 1 0 0
2 0 1 2

0 1 0 2
1 0 1 1
2 1 0 2

0 1 1 0
1 0 0 1
2 0 0 1

0 1 2 0
1 3 0 0
2 0 0 1

0 0 0 1
1 1 1 1
2 1 0 0

0 2 0 1
1 1 1 1
2 0 0 1

0 0 1 0
1 1 1 0
2 0 0 1

0 0 1 0
1 1 1 1
2 2 0 1

0 0 1 1
1 1 1 1
2 0 2 1

0 1 0 0
1 1 0 1
2 0 0 1

0 0 1 0
1 0 1 0
2 2 0 1

0 0 0 2
1 1 1 1
2 2 0 1


S_abs4n15_2_H3_3_3