10 6 5

9 140 40 20

0 334.0 211.0
1 456.0 41.0
2 192.0 423.0
3 403.0 489.0
4 379.0 346.0
5 308.0 365.0
6 239.0 480.0
7 17.0 205.0
8 154.0 238.0
9 432.0 339.0
10 436.0 300.0


0 7 6 2.0
1 22 2 2.0
2 8 12 5.0
3 12 5 3.0
4 4 8 2.0

1 0.96 0.96 2.40 1.44 0.96
2 0.74 0.74 1.85 1.11 0.74
3 0.80 0.80 2.00 1.20 0.80
4 0.98 0.98 2.45 1.47 0.98
5 0.66 0.66 1.65 0.99 0.66
6 0.52 0.52 1.30 0.78 0.52
7 0.50 0.50 1.25 0.75 0.50
8 0.50 0.50 1.25 0.75 0.50
9 0.24 0.24 0.60 0.36 0.24
10 0.60 0.60 1.50 0.90 0.60

1 2 1 1 4 5
2 5 4 5 2 4
3 5 4 4 3 4
4 5 2 0 4 5
5 3 5 6 2 3
6 6 3 5 1 5
7 2 1 2 3 5
8 3 6 4 5 6
9 0 2 0 10 2
10 5 2 5 5 3

0 0 0 1 2 1
1 0 1 0 1 1
2 0 0 0 1 0
3 0 0 0 0 1
4 2 0 0 0 1
5 0 0 0 0 1

0 0 1 2 0 2
1 1 0 1 0 1
2 0 1 1 1 1
3 1 1 1 1 0
4 2 0 0 0 0
5 1 1 0 0 0

0 2 1 0 0 1
1 1 0 1 0 0
2 0 1 1 1 1
3 1 0 1 0 1
4 0 0 1 0 1
5 1 2 0 2 0

0 1 0 0 1 0
1 1 1 0 1 2
2 0 0 0 1 1
3 2 1 0 1 0
4 1 0 0 0 1
5 0 0 0 0 1

0 0 1 1 0 0
1 1 1 0 0 1
2 0 0 3 1 0
3 1 1 2 0 1
4 0 1 0 1 0
5 1 1 0 0 1

0 1 2 0 0 2
1 1 0 1 1 0
2 0 0 0 0 1
3 1 0 1 0 2
4 1 1 0 0 0
5 2 0 3 0 0

0 0 0 1 0 0
1 1 0 1 3 0
2 0 0 0 0 1
3 0 0 0 0 1
4 0 1 0 0 1
5 1 0 0 0 2

0 2 1 0 1 1
1 0 0 1 0 0
2 1 1 1 1 1
3 0 2 0 1 2
4 0 2 2 0 1
5 0 0 0 2 1

0 0 0 0 3 0
1 0 0 0 2 0
2 0 0 0 4 0
3 0 0 0 0 1
4 0 1 0 1 1
5 0 1 0 0 0

0 1 0 1 1 1
1 0 0 2 2 0
2 1 0 1 0 0
3 1 0 0 1 0
4 1 1 0 0 1
5 1 1 1 1 1


S_abs3n10_2_H6_5_9