20 3 3

4 516 40 20

0 226.0 190.0
1 33.0 366.0
2 15.0 439.0
3 226.0 161.0
4 316.0 407.0
5 347.0 477.0
6 227.0 237.0
7 364.0 7.0
8 164.0 341.0
9 277.0 270.0
10 377.0 138.0
11 249.0 297.0
12 92.0 144.0
13 165.0 409.0
14 365.0 0.0
15 476.0 115.0
16 92.0 202.0
17 105.0 278.0
18 46.0 253.0
19 45.0 158.0
20 162.0 384.0


0 11 4 11.0
1 9 2 4.0
2 7 6 10.0

1 0.44 0.16 0.40
2 0.11 0.04 0.10
3 0.22 0.08 0.20
4 0.44 0.16 0.40
5 0.33 0.12 0.30
6 0.55 0.20 0.50
7 0.33 0.12 0.30
8 0.33 0.12 0.30
9 0.44 0.16 0.40
10 0.44 0.16 0.40
11 0.33 0.12 0.30
12 0.33 0.12 0.30
13 0.44 0.16 0.40
14 0.11 0.04 0.10
15 0.33 0.12 0.30
16 0.33 0.12 0.30
17 0.22 0.08 0.20
18 0.44 0.16 0.40
19 0.22 0.08 0.20
20 0.22 0.08 0.20

1 1 3 2
2 2 3 3
3 3 2 1
4 2 2 2
5 2 1 5
6 1 1 2
7 4 2 1
8 2 1 2
9 3 1 3
10 1 2 1
11 3 2 2
12 1 4 3
13 2 0 2
14 2 2 1
15 3 1 4
16 2 3 2
17 0 4 3
18 2 2 2
19 1 2 4
20 0 4 1

0 0 1 1
1 0 2 1
2 1 0 0

0 0 1 1
1 2 0 1
2 0 2 1

0 1 0 1
1 1 0 0
2 1 2 0

0 1 1 0
1 1 0 0
2 0 1 2

0 1 0 2
1 0 1 1
2 1 0 2

0 1 1 0
1 0 0 1
2 0 0 1

0 1 2 0
1 3 0 0
2 0 0 1

0 0 0 1
1 1 1 1
2 1 0 0

0 2 0 1
1 1 1 1
2 0 0 1

0 0 1 0
1 1 1 0
2 0 0 1

0 0 1 0
1 1 1 1
2 2 0 1

0 0 1 1
1 1 1 1
2 0 2 1

0 1 0 0
1 1 0 1
2 0 0 1

0 0 1 0
1 0 1 0
2 2 0 1

0 0 0 2
1 1 1 1
2 2 0 1

0 0 1 0
1 2 1 0
2 0 1 2

0 0 1 0
1 0 1 2
2 0 2 1

0 0 1 1
1 0 1 0
2 2 0 1

0 1 2 0
1 0 0 2
2 0 0 2

0 0 1 0
1 0 2 1
2 0 1 0


S_abs2n20_2_L3_3_4