20 6 3

5 672 40 20

0 339.0 285.0
1 300.0 299.0
2 272.0 409.0
3 90.0 492.0
4 474.0 360.0
5 270.0 216.0
6 90.0 106.0
7 46.0 10.0
8 497.0 262.0
9 165.0 156.0
10 66.0 207.0
11 123.0 446.0
12 388.0 466.0
13 497.0 114.0
14 297.0 251.0
15 464.0 422.0
16 138.0 53.0
17 408.0 417.0
18 69.0 380.0
19 67.0 238.0
20 244.0 326.0


0 11 4 5.0
1 9 2 2.0
2 7 6 5.0

1 2.40 0.96 2.40
2 1.85 0.74 1.85
3 2.00 0.80 2.00
4 2.45 0.98 2.45
5 1.65 0.66 1.65
6 1.30 0.52 1.30
7 1.25 0.50 1.25
8 1.25 0.50 1.25
9 0.60 0.24 0.60
10 1.50 0.60 1.50
11 1.65 0.66 1.65
12 2.35 0.94 2.35
13 0.55 0.22 0.55
14 1.70 0.68 1.70
15 2.30 0.92 2.30
16 0.75 0.30 0.75
17 0.95 0.38 0.95
18 1.50 0.60 1.50
19 0.50 0.20 0.50
20 1.55 0.62 1.55

1 3 6 5
2 5 4 3
3 3 2 7
4 6 3 3
5 4 3 4
6 4 6 5
7 4 2 3
8 5 4 6
9 2 6 5
10 1 6 5
11 5 5 3
12 3 3 6
13 4 3 6
14 6 4 3
15 7 4 5
16 2 3 4
17 5 3 3
18 3 4 5
19 3 4 8
20 2 4 4

0 0 1 1
1 0 2 1
2 1 0 0
3 0 1 1
4 2 0 1
5 0 2 1

0 1 0 1
1 1 0 0
2 1 2 0
3 1 1 0
4 1 0 0
5 0 1 2

0 1 0 2
1 0 1 1
2 1 0 2
3 1 1 0
4 0 0 1
5 0 0 1

0 1 2 0
1 3 0 0
2 0 0 1
3 0 0 1
4 1 1 1
5 1 0 0

0 2 0 1
1 1 1 1
2 0 0 1
3 0 1 0
4 1 1 0
5 0 0 1

0 0 1 0
1 1 1 1
2 2 0 1
3 0 1 1
4 1 1 1
5 0 2 1

0 1 0 0
1 1 0 1
2 0 0 1
3 0 1 0
4 0 1 0
5 2 0 1

0 0 0 2
1 1 1 1
2 2 0 1
3 0 1 0
4 2 1 0
5 0 1 2

0 0 1 0
1 0 1 2
2 0 2 1
3 0 1 1
4 0 1 0
5 2 0 1

0 1 2 0
1 0 0 2
2 0 0 2
3 0 1 0
4 0 2 1
5 0 1 0

0 2 0 1
1 1 0 0
2 0 3 0
3 0 1 2
4 1 1 0
5 1 0 0

0 0 0 1
1 0 0 1
2 1 0 0
3 0 1 2
4 1 1 1
5 1 1 1

0 1 1 1
1 1 0 0
2 0 0 2
3 2 0 1
4 0 1 1
5 0 1 1

0 0 1 0
1 1 1 0
2 1 1 1
3 1 0 0
4 1 1 1
5 2 0 1

0 2 0 1
1 1 1 1
2 2 0 1
3 0 1 1
4 1 1 0
5 1 1 1

0 0 1 0
1 0 0 1
2 0 0 2
3 1 1 1
4 1 0 0
5 0 1 0

0 1 0 0
1 1 0 1
2 1 2 0
3 0 0 1
4 2 0 1
5 0 1 0

0 0 1 0
1 0 1 1
2 0 0 1
3 0 1 1
4 1 0 2
5 2 1 0

0 0 1 1
1 1 1 1
2 1 0 1
3 1 1 1
4 0 1 1
5 0 0 3

0 0 0 1
1 2 1 0
2 0 1 0
3 0 1 2
4 0 0 1
5 0 1 0


S_abs3n20_2_H6_3_5